# UMA data for molecule: methane
# z-axis rotation with 180 rotamers and resolution 2
# ENERGY		FORCES		TORQUE (if exists)
5.960464477539063e-08	5.26835597369768e-09	3.3390267148436514e-09
5.960464477539063e-08	5.26835597369768e-09	-5.903385551231377e-08
5.960464477539063e-08	5.26835597369768e-09	-4.59124048120263e-08
5.960464477539063e-08	9.125060707049215e-09	-4.3020659357823066e-08
0.0	3.725290298461914e-09	-5.569385820580752e-09
5.960464477539063e-08	1.0030650976489142e-08	-2.208302364928305e-08
5.960464477539063e-08	1.0030650976489142e-08	-1.9734345439031964e-08
5.960464477539063e-08	1.3560261358236403e-08	1.2899808485289377e-08
5.960464477539063e-08	1.393876036814845e-08	-2.4779688561488156e-08
5.960464477539063e-08	1.1926748477719684e-08	-1.0138190334116337e-08
0.0	1.1330028470979414e-08	1.970322871698571e-08
5.960464477539063e-08	6.71586253275791e-09	2.1550509137630014e-08
0.0	1.3560261358236403e-08	-1.9242801246530106e-08
5.960464477539063e-08	1.6238164590731685e-08	-1.7542119668326195e-08
5.960464477539063e-08	1.1519824205663554e-08	-4.784106220553919e-09
5.960464477539063e-08	5.587935447692871e-09	4.148586396114651e-08
5.960464477539063e-08	6.71586253275791e-09	5.3641559883202405e-09
1.1920928955078125e-07	1.8834834136782774e-08	-8.15701444558184e-08
0.0	1.6892661491851868e-08	5.531875805608183e-08
5.960464477539063e-08	1.862645149230957e-09	7.40609004332149e-08
5.960464477539063e-08	1.862645149230957e-08	-5.3010270893803085e-08
1.1920928955078125e-07	1.210719347000122e-08	3.64364360690584e-08
5.960464477539063e-08	1.221029677367369e-08	-5.939510758332274e-08
1.1920928955078125e-07	1.0722856380596113e-08	-8.288736840595876e-08
5.960464477539063e-08	1.2223054568494263e-08	2.3937585067346917e-09
5.960464477539063e-08	5.759912102831777e-09	-4.810814446679426e-08
5.960464477539063e-08	4.165001232792065e-09	1.7099784033192122e-08
5.960464477539063e-08	1.393876036814845e-08	1.4916108242654658e-08
5.960464477539063e-08	8.33000246558413e-09	-8.762942637144389e-09
0.0	2.7939677238464355e-09	-1.6477217968519087e-08
1.1920928955078125e-07	1.5832483768463135e-08	-8.783625302620501e-08
0.0	1.3560261358236403e-08	-1.7743225990893285e-08
5.960464477539063e-08	1.1926748477719684e-08	-4.590721932803965e-09
5.960464477539063e-08	6.71586253275791e-09	-4.0454028580119705e-08
0.0	1.9086433766801747e-08	-6.187745813998613e-09
0.0	1.1926748477719684e-08	1.8576220658927944e-08
5.960464477539063e-08	1.7071425162384912e-08	-2.7517078896727165e-08
5.960464477539063e-08	5.26835597369768e-09	-2.526517747791779e-08
0.0	3.725290298461914e-09	-2.6246502513038727e-08
1.1920928955078125e-07	1.5017125321037383e-08	1.0669778151284337e-08
5.960464477539063e-08	8.33000246558413e-09	2.7112758715225338e-08
1.1920928955078125e-07	9.125060707049215e-09	-2.36032690857646e-08
5.960464477539063e-08	8.33000246558413e-09	-3.8607941205137664e-08
5.960464477539063e-08	1.7071425162384912e-08	-2.6452968412971067e-08
1.1920928955078125e-07	8.33000246558413e-09	-1.8935621036442196e-08
5.960464477539063e-08	1.1175870895385742e-08	-1.54101508047233e-08
5.960464477539063e-08	9.125060707049215e-09	-6.374837044006987e-08
5.960464477539063e-08	1.1780402431327275e-08	-4.071072302186396e-09
1.1920928955078125e-07	1.393876036814845e-08	4.312530955605243e-08
5.960464477539063e-08	9.125060707049215e-09	5.784359609350975e-09
5.960464477539063e-08	1.1175870895385742e-08	-8.382926339201013e-09
5.960464477539063e-08	5.26835597369768e-09	-5.831514219428735e-09
1.1920928955078125e-07	1.0700081709558162e-08	8.602658412015796e-10
5.960464477539063e-08	4.165001232792065e-09	-2.8565286337711715e-08
5.960464477539063e-08	1.2355390488494322e-08	-1.9575619247119702e-08
0.0	1.4547723914404287e-08	-4.658303742743897e-10
5.960464477539063e-08	7.450580596923828e-09	-6.313452300885092e-09
5.960464477539063e-08	1.4901161193847656e-08	-1.2827056626932287e-08
0.0	1.0700081709558162e-08	3.5027761646072575e-09
0.0	1.0030650976489142e-08	-3.1163285431345944e-08
5.960464477539063e-08	2.0061301952978283e-08	-2.534108660412482e-08
1.1920928955078125e-07	5.26835597369768e-09	-2.6369919130242447e-09
5.960464477539063e-08	2.1155582174969823e-08	1.4141462024823415e-08
5.960464477539063e-08	9.125060707049215e-09	-4.414039856022456e-08
5.960464477539063e-08	2.0195962235902698e-08	-1.214882703933634e-07
5.960464477539063e-08	1.9086433766801747e-08	5.815078031948251e-09
5.960464477539063e-08	1.6924721180089364e-08	-3.560450491857034e-08
5.960464477539063e-08	6.813031916408363e-09	1.9691540549082558e-08
5.960464477539063e-08	5.435486283289492e-09	5.4348077319446055e-08
5.960464477539063e-08	1.0097981117951349e-08	-4.664618866189775e-08
5.960464477539063e-08	1.580506747700383e-08	1.4689949345923076e-08
0.0	8.535712581192456e-09	-9.527556852750169e-08
0.0	7.031331072937519e-09	-4.790787304712052e-08
5.960464477539063e-08	1.6763806343078613e-08	-1.1749912267114415e-09
1.1920928955078125e-07	1.3203776738635042e-08	-1.1205070226706637e-08
5.960464477539063e-08	1.3560261358236403e-08	-3.2018743361533764e-08
5.960464477539063e-08	1.2904783908140871e-08	-3.6436010632245885e-10
0.0	1.7071425162384912e-08	-9.050643973856909e-09
5.960464477539063e-08	8.33000246558413e-09	-2.3761041533648664e-08
5.960464477539063e-08	2.296423140535353e-08	3.481481828521149e-09
5.960464477539063e-08	8.535712581192456e-09	3.8403818481205776e-08
5.960464477539063e-08	1.5472291892137946e-08	-7.566151630569729e-09
0.0	2.2351741790771484e-08	-5.9536349808486655e-09
5.960464477539063e-08	1.2495003254286985e-08	3.300228270872174e-08
5.960464477539063e-08	1.0700081709558162e-08	-2.952394471261721e-09
5.960464477539063e-08	1.0030650976489142e-08	1.9311683387840395e-08
5.960464477539063e-08	0.0	-3.6645498992932124e-08
1.1920928955078125e-07	9.125060707049215e-09	-2.2414175779306156e-08
5.960464477539063e-08	3.725290298461914e-09	1.7777453432954449e-09
5.960464477539063e-08	1.2355390488494322e-08	-2.5715705342932438e-08
5.960464477539063e-08	3.725290298461914e-09	-6.0355621125940395e-09
5.960464477539063e-08	1.5359765015432458e-08	-4.6323017196397975e-08
5.960464477539063e-08	1.1780402431327275e-08	-2.8876182001091877e-09
5.960464477539063e-08	1.393876036814845e-08	-1.0748624733325496e-08
5.960464477539063e-08	0.0	2.1059533443501532e-08
5.960464477539063e-08	3.725290298461914e-09	-4.985857168099406e-09
5.960464477539063e-08	1.4062662145875038e-08	-1.1809527970113587e-08
1.1920928955078125e-07	1.30385160446167e-08	1.6060011619190018e-09
5.960464477539063e-08	1.0700081709558162e-08	-4.5284128037670346e-08
5.960464477539063e-08	1.5914446649389902e-08	-1.9413560434569654e-08
0.0	7.679882507716229e-09	-2.6915697677598605e-08
5.960464477539063e-08	1.30385160446167e-08	2.8736598321407736e-08
5.960464477539063e-08	7.679882507716229e-09	8.601215083919866e-09
5.960464477539063e-08	1.5359765015432458e-08	2.999996021567364e-08
5.960464477539063e-08	4.165001232792065e-09	-2.5955467474955696e-08
5.960464477539063e-08	1.393876036814845e-08	2.6140545674249727e-08
5.960464477539063e-08	1.1214608797160963e-08	9.064461392420398e-09
5.960464477539063e-08	1.825012141409843e-08	-2.156958230775663e-08
5.960464477539063e-08	1.0030650976489142e-08	6.477332234033212e-08
0.0	1.580506747700383e-08	5.968561382976856e-09
5.960464477539063e-08	7.508562660518692e-09	-3.689081104485403e-08
5.960464477539063e-08	5.4504254443088485e-09	1.7778060902758075e-09
5.960464477539063e-08	2.6279968423637e-08	-5.328824382753658e-08
5.960464477539063e-08	1.5107550765947053e-08	-1.8316083934158227e-08
5.960464477539063e-08	7.850916361462623e-09	3.3189110402011626e-08
1.1920928955078125e-07	1.1330028470979414e-08	-2.6378309132043393e-08
5.960464477539063e-08	5.963374238859842e-09	-6.756142830431633e-08
0.0	7.679882507716229e-09	-3.2001331367811914e-09
5.960464477539063e-08	1.9800189932084322e-08	-1.3266569113233595e-08
5.960464477539063e-08	9.313225746154785e-09	-2.0698525024162584e-08
5.960464477539063e-08	1.6763806343078613e-08	-4.943497692276588e-08
5.960464477539063e-08	1.6050123008426453e-08	8.385478164271709e-09
5.960464477539063e-08	1.1926748477719684e-08	-4.624156352793507e-08
5.960464477539063e-08	9.125060707049215e-09	-2.0502158807472748e-09
5.960464477539063e-08	6.4523919540704355e-09	2.551016349550128e-09
5.960464477539063e-08	4.165001232792065e-09	1.549769566150383e-09
5.960464477539063e-08	1.1926748477719684e-08	6.454235422156951e-09
5.960464477539063e-08	8.535712581192456e-09	-3.370918228579045e-09
0.0	1.757215883912977e-08	1.6267077320580858e-08
5.960464477539063e-08	8.33000246558413e-09	6.593360385442892e-09
5.960464477539063e-08	5.587935447692871e-09	-9.395875369411222e-09
1.1920928955078125e-07	1.393876036814845e-08	1.2019352249592608e-09
1.1920928955078125e-07	9.125060707049215e-09	-7.301848741619876e-08
5.960464477539063e-08	1.1175870895385742e-08	7.343018717381744e-09
5.960464477539063e-08	1.580506747700383e-08	-9.274712702705967e-09
1.1920928955078125e-07	1.580506747700383e-08	-1.5410150832478875e-08
5.960464477539063e-08	1.2904783908140871e-08	-1.477121544177229e-08
0.0	1.1780402431327275e-08	-1.283665339649187e-08
5.960464477539063e-08	1.862645149230957e-08	-7.551535407407384e-09
1.1920928955078125e-07	1.053671194739536e-08	-2.250288573535375e-08
5.960464477539063e-08	7.679882507716229e-09	-4.27063776842207e-08
5.960464477539063e-08	1.3560261358236403e-08	-1.2038681683479435e-09
5.960464477539063e-08	1.862645149230957e-09	-1.265550195195253e-08
0.0	3.725290298461914e-09	-2.2838476561315435e-09
1.1920928955078125e-07	1.666000493116826e-08	-2.8845363779853028e-08
5.960464477539063e-08	1.343172506551582e-08	-4.2494373990106804e-08
5.960464477539063e-08	1.393876036814845e-08	-3.118675388422143e-08
5.960464477539063e-08	7.450580596923828e-09	-2.8173058708863552e-08
5.960464477539063e-08	1.0700081709558162e-08	-4.74172667588868e-08
5.960464477539063e-08	9.17246367748703e-09	1.4655720517384174e-08
0.0	1.5017125321037383e-08	-2.0734608946471056e-08
5.960464477539063e-08	1.3203776738635042e-08	-1.5239726508520235e-08
0.0	7.679882507716229e-09	2.3774532017552252e-08
5.960464477539063e-08	1.7890123160668736e-08	-3.596999804955647e-08
5.960464477539063e-08	1.1029391622230378e-08	-1.1637239875645494e-07
5.960464477539063e-08	1.0297328323360944e-08	1.0969092465503566e-08
5.960464477539063e-08	8.041931565117011e-09	-8.396264311724341e-08
5.960464477539063e-08	1.147798389666832e-08	8.171389670951715e-08
1.1920928955078125e-07	3.9786116623474754e-09	-2.941342030072895e-09
1.1920928955078125e-07	1.0722856380596113e-08	-5.900502655729195e-07
5.960464477539063e-08	1.1641532182693481e-08	1.9469438525786253e-08
5.960464477539063e-08	7.46511830129748e-09	-1.3196293631532324e-07
5.960464477539063e-08	5.963374238859842e-09	-5.5520918288212706e-08
5.960464477539063e-08	3.725290298461914e-09	-7.161645710490605e-09
5.960464477539063e-08	9.125060707049215e-09	-1.1733185222885523e-08
5.960464477539063e-08	5.963374238859842e-09	-4.467894685125651e-08
2.384185791015625e-07	1.3463973935756712e-08	2.8462211794019754e-08
5.960464477539063e-08	7.450580596923828e-09	-3.3181242859239846e-08
5.960464477539063e-08	1.2495003254286985e-08	-4.8611075834786854e-08
5.960464477539063e-08	7.679882507716229e-09	1.411411331038448e-08
0.0	6.71586253275791e-09	1.3128264989004101e-08
5.960464477539063e-08	8.33000246558413e-09	-3.5000885589137054e-08
1.1920928955078125e-07	1.0700081709558162e-08	-7.658780352970407e-09
0.0	6.4523919540704355e-09	-9.79600803252545e-09
1.1920928955078125e-07	1.5472291892137946e-08	2.847741312206331e-08
5.960464477539063e-08	1.1780402431327275e-08	-8.632252374712879e-09
0.0	1.1926748477719684e-08	-2.861643434021177e-08
5.960464477539063e-08	1.053671194739536e-08	-3.489996590680389e-08
5.960464477539063e-08	5.26835597369768e-09	6.822211417317758e-09
5.960464477539063e-08	1.1175870895385742e-08	2.032987751407478e-08
5.960464477539063e-08	0.0	-6.0355621091245926e-09
