# UMA data for molecule: benzene
# z-axis rotation with 180 rotamers and resolution 2
# ENERGY		FORCES		TORQUE (if exists)
3.5762786865234375e-07	7.023462700317396e-08	-5.49611959693773e-07
4.172325134277344e-07	5.2100041614266956e-08	-2.2712114815651556e-07
4.76837158203125e-07	6.658635243184108e-08	8.81218106225694e-08
4.172325134277344e-07	8.324599320985726e-08	-7.194725139903943e-08
4.172325134277344e-07	4.706809519916533e-08	6.049719927483784e-08
4.76837158203125e-07	6.239361738380467e-08	-2.0534344476932573e-07
4.172325134277344e-07	2.998024228872964e-08	-1.6606527283790443e-07
3.5762786865234375e-07	2.1020806428850847e-08	-2.0155614534771164e-07
2.384185791015625e-07	3.177487073457996e-08	-1.2037822734125438e-07
3.5762786865234375e-07	5.0615547309007525e-08	-2.286044702126901e-08
3.5762786865234375e-07	8.164797549170544e-08	2.5812750673078927e-07
5.364418029785156e-07	6.138582619996669e-08	-2.8779730320236896e-08
2.980232238769531e-07	6.44970015173385e-08	-3.300595164994978e-06
0.0	6.44969020413555e-08	-0.00021106166565388137
2.384185791015625e-07	1.6820722592569837e-08	-2.0468272030098215e-06
2.384185791015625e-07	8.21052026367397e-08	-3.226406605438027e-07
4.76837158203125e-07	7.023496806368712e-08	7.833201358105649e-08
2.384185791015625e-07	3.664764847144397e-08	0.0002126252593230375
4.172325134277344e-07	6.51385505534563e-08	2.9697642093203436e-06
2.980232238769531e-07	2.5281082116634934e-08	-3.616007734656623e-07
4.172325134277344e-07	6.186414935882567e-08	-2.780501127515809e-07
5.960464477539062e-07	7.3976664793917735e-09	1.6093791372897012e-07
4.172325134277344e-07	3.7198891078560337e-08	-1.592549938615098e-07
4.172325134277344e-07	2.680943111954548e-08	2.1030032286624178e-07
4.76837158203125e-07	3.954823668550489e-08	-1.5839855894130824e-07
4.172325134277344e-07	9.12726108026618e-08	-1.1798761420363322e-07
3.5762786865234375e-07	7.397563450695088e-09	-9.2358530119172e-08
2.980232238769531e-07	2.1019394225163524e-08	-2.34879165090743e-07
4.76837158203125e-07	3.3266438492773887e-08	-1.5054677395662527e-08
4.172325134277344e-07	0.0	-1.6499488569272703e-07
2.384185791015625e-07	4.9927955103612476e-08	2.957297442390507e-06
3.5762786865234375e-07	3.066593379230653e-08	-6.485134180609457e-08
2.980232238769531e-07	8.715338850606713e-08	1.1833591137416466e-07
2.980232238769531e-07	5.367327560179547e-08	-9.351194461889199e-08
4.76837158203125e-07	5.367288835600448e-08	-2.5001135052814963e-07
2.384185791015625e-07	2.680964072965253e-08	-2.3924326882978716e-07
3.5762786865234375e-07	3.326601571984611e-08	-1.0613394231520448e-07
2.980232238769531e-07	6.700136623294384e-08	-3.726334640247388e-07
3.5762786865234375e-07	7.592804962541777e-08	-5.505634047805018e-08
4.172325134277344e-07	2.6810324627035698e-08	1.035840665577612e-08
5.960464477539062e-07	1.6606270136776402e-08	5.003950257456186e-07
3.5762786865234375e-07	6.360382087677863e-08	-4.3991298910887954e-07
4.76837158203125e-07	5.955102011512281e-08	-3.0769696257310383e-06
5.960464477539063e-08	6.863692902925322e-08	-0.00021748114534583365
3.5762786865234375e-07	6.658696349859383e-08	-5.968109460028089e-07
5.960464477539063e-08	7.332643292556895e-08	-4.056609419538098e-09
4.172325134277344e-07	1.2638652435725817e-07	2.5031116240241477e-07
1.7881393432617188e-07	6.658660822722595e-08	0.00021722016200586417
6.556510925292969e-07	2.1022181329044543e-08	2.797070711918995e-06
2.980232238769531e-07	3.0667202111089864e-08	-2.458735929896485e-07
4.76837158203125e-07	5.061571073383675e-08	-6.093685869273124e-07
4.76837158203125e-07	3.326644915091492e-08	-1.396177601356875e-07
2.980232238769531e-07	5.061542296402877e-08	-4.009329459297705e-07
2.384185791015625e-07	4.837518119416018e-08	-9.41679874192846e-09
3.5762786865234375e-07	1.85764310600689e-08	-4.555906641987253e-08
2.980232238769531e-07	1.6608224129299742e-08	-3.5690480518114084e-08
5.960464477539062e-07	1.8573665272469952e-08	1.34996705406255e-07
3.5762786865234375e-07	3.611305032791279e-08	2.1041667263057034e-08
2.384185791015625e-07	7.919648226106801e-08	6.052970507017923e-07
3.5762786865234375e-07	2.1366396651956165e-08	-2.9308179256277697e-07
3.5762786865234375e-07	4.268938269547107e-08	-2.5627563579094087e-06
4.172325134277344e-07	5.784127310448639e-08	-3.78330576097625e-07
4.76837158203125e-07	6.700135912751648e-08	-8.291029789483701e-08
4.172325134277344e-07	7.45448502925683e-08	-9.46029445441329e-08
3.5762786865234375e-07	3.326818287519018e-08	-1.3109970909041527e-07
2.384185791015625e-07	7.396569579043444e-09	-2.316699961013218e-07
5.364418029785156e-07	5.0615458491165555e-08	-1.4486935604046564e-07
4.76837158203125e-07	3.3473707361508787e-08	-1.6715121121563935e-07
5.364418029785156e-07	4.6025270705740695e-08	3.136911780294141e-09
5.364418029785156e-07	1.4848124507693683e-08	-5.829448480695012e-09
2.980232238769531e-07	5.061577112996929e-08	3.4446474261348786e-07
3.5762786865234375e-07	1.4849696583496552e-08	-2.668493228501443e-07
4.172325134277344e-07	7.592731776639994e-08	-3.1972675669630783e-06
2.384185791015625e-07	2.680964072965253e-08	-0.00021232259637942152
4.76837158203125e-07	2.229959683575089e-08	-3.4982985650689703e-07
2.384185791015625e-07	3.326604058884186e-08	1.1850297422778558e-07
1.7881393432617188e-07	4.464970260187329e-08	3.2024525914698436e-06
0.0	5.367288125057712e-08	0.00020944471804321818
2.384185791015625e-07	4.706763334638708e-08	3.0915332492913367e-06
4.172325134277344e-07	4.006859910532512e-08	-1.9545817741932396e-07
2.980232238769531e-07	6.138626673646286e-08	-7.89061130261941e-07
3.5762786865234375e-07	4.706896916673031e-08	-1.1269171970698995e-07
2.980232238769531e-07	6.360377113878712e-08	-1.8714406372949287e-07
2.384185791015625e-07	4.007099008163095e-08	-1.2586595469431687e-07
4.172325134277344e-07	6.700133070580705e-08	-2.633912933525935e-07
3.5762786865234375e-07	3.719887331499194e-08	-2.742742028953302e-07
4.76837158203125e-07	6.138538566347052e-08	-2.817806170293504e-07
4.76837158203125e-07	6.001538821465147e-08	-1.4270278973716788e-07
2.980232238769531e-07	6.658625295585807e-08	-8.335666590682347e-08
3.5762786865234375e-07	6.360415483186443e-08	4.4006305075681783e-08
1.7881393432617188e-07	6.138505170838471e-08	2.7962858670477035e-07
4.76837158203125e-07	3.720146324326379e-08	-4.03418361805385e-07
4.172325134277344e-07	1.4847181262211961e-08	-1.6458153280019246e-07
4.76837158203125e-07	7.482369568378999e-08	-3.373650214234271e-07
4.76837158203125e-07	1.1070681438241081e-07	-1.0685835284669106e-07
4.76837158203125e-07	3.066551812480611e-08	-2.5141188871006197e-07
3.5762786865234375e-07	4.7653571755290614e-08	3.5562359666493026e-08
3.5762786865234375e-07	2.602386395267331e-08	-9.005824821835996e-08
3.5762786865234375e-07	6.658630979927693e-08	-3.623010017689552e-08
2.980232238769531e-07	7.674479718389193e-08	-9.184825464622265e-08
2.384185791015625e-07	1.857711140473839e-08	7.064659453380093e-07
4.172325134277344e-07	1.7518148709427805e-08	6.053809796960797e-07
3.5762786865234375e-07	6.744016189941249e-08	-3.261202526188007e-06
1.7881393432617188e-07	4.67814125215682e-08	-0.00021014016318748825
3.5762786865234375e-07	6.617476344672468e-08	-2.6626001176956876e-07
1.7881393432617188e-07	6.582361322671204e-08	-2.2298270376660268e-07
4.172325134277344e-07	8.049885735772477e-08	1.4182426232116968e-07
3.5762786865234375e-07	1.4847346463398026e-08	0.00021220595391423626
4.172325134277344e-07	3.06655039139514e-08	2.9551679977175097e-06
3.5762786865234375e-07	6.027421051157944e-08	-8.691467935112518e-08
4.172325134277344e-07	5.367291677771391e-08	-7.282751839103586e-07
4.172325134277344e-07	2.998034176471265e-08	1.803997700994256e-07
3.5762786865234375e-07	3.326612230125647e-08	-2.3214681478822245e-07
4.76837158203125e-07	2.1019955553924774e-08	3.3675654918521025e-08
5.364418029785156e-07	5.955064352747286e-08	6.347656728987047e-08
2.384185791015625e-07	7.22789366136567e-08	8.841689400524478e-08
3.5762786865234375e-07	2.9750037100484406e-08	7.931585605143888e-08
3.5762786865234375e-07	4.992604729636696e-08	-6.585176749682932e-08
4.76837158203125e-07	2.2298570101497717e-08	-6.830948330767682e-08
4.76837158203125e-07	1.4853235086320637e-08	-3.745936667660896e-07
2.980232238769531e-07	3.3267660626279394e-08	1.671376285306399e-06
3.5762786865234375e-07	7.3984747217537006e-09	-4.494168875088519e-09
2.980232238769531e-07	2.1019664231403112e-08	-6.110399571907266e-07
3.5762786865234375e-07	6.138505881381207e-08	-1.1624598641850839e-07
4.76837158203125e-07	4.765323424749113e-08	-3.389220279779904e-07
4.172325134277344e-07	7.592728223926315e-08	-2.1023764155734808e-07
3.5762786865234375e-07	3.06662073512598e-08	5.463677238449733e-08
3.5762786865234375e-07	5.418707971216463e-08	-3.931308213943557e-07
3.5762786865234375e-07	3.793666536466844e-08	5.499564176357232e-09
3.5762786865234375e-07	9.990600347009604e-08	9.582064704555114e-08
4.76837158203125e-07	7.401720125699285e-09	4.4182556513649156e-07
3.5762786865234375e-07	2.681129629422685e-08	-3.7485272358267145e-08
5.960464477539062e-07	9.536034895063494e-08	-3.0354517837077203e-06
2.384185791015625e-07	8.93529445988861e-08	-0.0002179162049718084
3.5762786865234375e-07	7.592728223926315e-08	-5.558893419947101e-07
0.0	1.1170470770593965e-07	9.361438276542822e-08
4.172325134277344e-07	3.719944174918055e-08	4.6685579710025587e-07
1.7881393432617188e-07	3.0670548767375294e-08	0.0002174200415107917
6.556510925292969e-07	7.482340436126833e-08	2.9241231616838242e-06
3.5762786865234375e-07	1.660813886417145e-08	3.117632345136776e-07
3.5762786865234375e-07	5.061543717488348e-08	-7.123299262522577e-07
3.5762786865234375e-07	3.347441079881719e-08	5.326181454071783e-08
2.980232238769531e-07	5.813689796241306e-08	-1.764198101229087e-07
2.384185791015625e-07	3.326659836488943e-08	-8.184276111805628e-08
2.384185791015625e-07	7.592730355554522e-08	-5.4167541005802746e-08
2.980232238769531e-07	8.409572416212541e-08	-1.669146507724564e-07
4.76837158203125e-07	6.096007609812659e-08	-3.7209586131682793e-08
3.5762786865234375e-07	3.6112346890604385e-08	6.388344174151202e-08
2.980232238769531e-07	4.530441088945736e-08	6.341929120386801e-08
2.980232238769531e-07	2.101963758605052e-08	-1.0057018616753337e-08
3.5762786865234375e-07	1.3507918339428215e-08	-1.1822977348514893e-06
3.5762786865234375e-07	1.530748150457839e-08	1.8624172582266515e-07
5.364418029785156e-07	7.538313440136335e-08	2.1316854509385428e-07
3.5762786865234375e-07	1.1070685701497496e-07	-1.5689685360952962e-07
2.980232238769531e-07	3.6712739515110115e-09	-2.4520856688629043e-08
2.980232238769531e-07	4.912146422952901e-08	-1.7496624131822007e-07
5.364418029785156e-07	2.1019717522108294e-08	1.7864331867017714e-08
4.76837158203125e-07	8.683393559749675e-08	-2.8246442738935994e-07
5.364418029785156e-07	1.857328690846316e-08	-9.184317444391179e-08
4.172325134277344e-07	3.326737285647141e-08	-5.473684566390751e-08
4.172325134277344e-07	4.526669528104321e-08	3.382789899362167e-07
3.5762786865234375e-07	5.21002014863825e-08	-5.564597787319244e-07
4.76837158203125e-07	4.7067924668908745e-08	-3.0777152863690996e-06
2.384185791015625e-07	6.658726192654285e-08	-0.00021287451583697214
3.5762786865234375e-07	3.326613651211119e-08	-4.844672030517779e-07
1.7881393432617188e-07	1.0018337093242735e-07	1.810498183223957e-08
2.384185791015625e-07	2.229966078459711e-08	1.4502670146663834e-06
5.960464477539063e-08	5.367291322500023e-08	0.00020983652825720353
3.5762786865234375e-07	5.3673041122692666e-08	3.1369737170000636e-06
4.76837158203125e-07	7.3968546843161675e-09	-2.2675144873094174e-07
3.5762786865234375e-07	9.330148031949648e-08	-3.2530282553022765e-07
2.384185791015625e-07	6.863715640292867e-08	-1.1043020891550172e-07
2.384185791015625e-07	2.681174215979354e-08	-1.028153714354021e-07
2.384185791015625e-07	5.262979385634026e-08	1.2861803481551846e-07
3.5762786865234375e-07	5.36735385026077e-08	2.414258838228002e-08
4.76837158203125e-07	4.464946101734313e-08	-1.2258912177880373e-07
4.172325134277344e-07	3.3266115195829116e-08	-1.9289458726349357e-07
3.5762786865234375e-07	2.1020863272269708e-08	-1.0968713491139486e-07
2.980232238769531e-07	3.720085572922471e-08	2.5637710297714435e-07
4.172325134277344e-07	5.3675240252459844e-08	7.419640929858416e-08
1.1920928955078125e-07	1.6606890085313353e-08	-5.38281367605905e-07
