# UMA data for molecule: acetone
# z-axis rotation with 180 rotamers and resolution 2
# ENERGY		FORCES		TORQUE (if exists)
1.1920928955078125e-07	1.8066771190206055e-07	-0.765008480989196
2.9206275939941406e-06	1.3559318290390365e-07	-0.7697208473330596
3.159046173095703e-06	6.528051699206117e-08	-0.7735131798518462
3.039836883544922e-06	6.082700565457344e-09	-0.7766101032370863
2.9206275939941406e-06	6.460700774368888e-08	-0.7790083012452242
2.9206275939941406e-06	1.3717843216909387e-07	-0.7807094500969984
2.9206275939941406e-06	1.608204343028774e-07	-0.781708771114602
3.039836883544922e-06	1.496980814863491e-07	-0.782002054060577
2.7418136596679688e-06	6.690692799793396e-08	-0.7815993032596089
2.9206275939941406e-06	9.153071545142666e-08	-0.7804891661149891
2.9206275939941406e-06	1.322416309790242e-08	-0.7786765163214319
2.7418136596679688e-06	6.568919275196095e-08	-0.7761691947398042
2.8014183044433594e-06	1.1521763099153759e-07	-0.7729642198307033
2.7418136596679688e-06	1.7065420365725004e-07	-0.7690679083213914
2.86102294921875e-06	1.938480949092991e-07	-0.7644827278488563
2.7418136596679688e-06	9.072905271523268e-08	-0.7592183031311888
2.1457672119140625e-06	1.6145111203513807e-07	-0.7532751714125117
3.0994415283203125e-06	7.356958064974606e-08	-0.7466657228826465
3.0994415283203125e-06	1.0615644896461163e-07	-0.739396605713478
3.039836883544922e-06	1.590343998714161e-07	-0.7314750221007184
2.9206275939941406e-06	4.653789886788218e-08	-0.7229135864924916
3.039836883544922e-06	1.3485365002452454e-07	-0.7137204576144576
2.9206275939941406e-06	9.358092967204357e-08	-0.7039091106624573
2.8014183044433594e-06	1.8695320136430382e-07	-0.6934874441245927
2.86102294921875e-06	1.043081283569336e-07	-0.6824724755408742
2.7418136596679688e-06	6.288518505925822e-08	-0.6708653325238779
3.3974647521972656e-06	1.817998054320924e-07	-0.6587174530182763
2.86102294921875e-06	2.3089494760597518e-08	-0.6459936623543625
2.8014183044433594e-06	6.172262700943065e-09	-0.6327375311770407
3.159046173095703e-06	2.542494428325881e-07	-0.6189630948394973
3.159046173095703e-06	8.051282662790982e-08	-0.6046832221220025
3.159046173095703e-06	9.151441560106832e-08	-0.5899148507332146
3.039836883544922e-06	1.590343998714161e-07	-0.5746763783927782
2.86102294921875e-06	1.2918620484470011e-07	-0.558990358852404
3.039836883544922e-06	1.4084983490647573e-07	-0.5428740019723016
3.159046173095703e-06	2.6883296300184156e-07	-0.5263418967977012
2.9206275939941406e-06	1.348999774108961e-07	-0.5094200961374712
3.039836883544922e-06	1.4459173769409972e-07	-0.4921318749499436
2.8014183044433594e-06	3.0174851417541504e-07	-0.47448549233217846
2.682209014892578e-06	9.71675575556219e-08	-0.4565140105320398
3.039836883544922e-06	3.9339884239097955e-08	-0.43823695267278495
2.9206275939941406e-06	1.406715313123641e-07	-0.4196763964342958
2.5033950805664062e-06	7.450580596923828e-08	-0.40085444905147827
2.9802322387695312e-06	1.0436632180699235e-07	-0.38179725434374595
3.039836883544922e-06	2.3940958726598183e-07	-0.36252098861324167
2.9802322387695312e-06	8.231838677374981e-08	-0.3430714460769104
2.8014183044433594e-06	4.113475995382032e-07	-0.32341647111535743
3.159046173095703e-06	4.459424474134721e-08	-0.3036288189110299
3.0994415283203125e-06	7.644337784995514e-08	-0.28372810793132053
2.86102294921875e-06	1.81093568585311e-07	-0.26373563874863193
2.9206275939941406e-06	9.179117910207424e-08	-0.2436608834159212
2.9206275939941406e-06	5.60812623007223e-08	-0.22354630211304927
3.039836883544922e-06	2.4699218670320988e-08	-0.2034129243316086
2.9206275939941406e-06	8.493731229464174e-08	-0.18327146229216645
2.8014183044433594e-06	7.52805640047427e-09	-0.1631610821650107
3.159046173095703e-06	2.3355084977083607e-07	-0.1431070055125459
2.9206275939941406e-06	1.0523584137445141e-07	-0.1231171870621093
2.9206275939941406e-06	1.5827475863261498e-07	-0.10323428746982066
2.9206275939941406e-06	2.2994990445113217e-07	-0.08347295818822695
2.7418136596679688e-06	3.685222438321034e-08	-0.06386006965483321
2.8014183044433594e-06	1.9507439219523803e-07	-0.044420717496461704
2.6226043701171875e-06	1.640679272441048e-07	-0.02513312848253965
2.682209014892578e-06	3.222044853146144e-08	-0.006152279736001076
3.039836883544922e-06	1.8236342214095203e-07	0.012631027770567294
3.159046173095703e-06	2.5874925313473796e-07	0.031142265291034338
2.9802322387695312e-06	1.899559407547713e-07	0.04937879284744587
3.159046173095703e-06	1.4627954669776955e-07	0.06729245577116477
3.039836883544922e-06	5.5781249841402314e-08	0.08488788270508768
2.9802322387695312e-06	9.046596005646279e-08	0.10212378922884216
3.159046173095703e-06	8.22425221258527e-08	0.11898490269855597
2.7418136596679688e-06	1.0887717394325591e-07	0.1354532463908745
3.0994415283203125e-06	1.0887717394325591e-07	0.15149740404800066
2.86102294921875e-06	8.643769433547277e-08	0.16711379702119297
2.86102294921875e-06	1.5036070522000955e-07	0.18228466807037583
2.3245811462402344e-06	1.825040811809231e-07	0.19696876944470176
2.9802322387695312e-06	2.68808491910022e-07	0.21117220217284477
3.0994415283203125e-06	2.021909040195169e-07	0.22486837537983262
3.039836883544922e-06	1.256761095191905e-07	0.23804658615480737
2.7418136596679688e-06	8.051282662790982e-08	0.25067897436387765
3.039836883544922e-06	1.1241441200127156e-07	0.2627482305335854
3.039836883544922e-06	8.195638656616211e-08	0.27426311475906806
2.9206275939941406e-06	1.2821982409150223e-07	0.2851864537023293
3.039836883544922e-06	4.2930896171355926e-08	0.29550395083946307
2.7418136596679688e-06	2.427640026780864e-07	0.30522039319953476
2.562999725341797e-06	1.0546665407673572e-07	0.31432264050466535
2.9802322387695312e-06	4.516734009030188e-08	0.3227852211616499
3.039836883544922e-06	1.0148063012138664e-07	0.3306041184775505
2.9206275939941406e-06	1.1994457338460052e-07	0.3377691879554683
2.9206275939941406e-06	1.3486523187111743e-07	0.3442745530614425
3.159046173095703e-06	1.648802765430446e-07	0.3501035072516675
0.0	1.2404080962369335e-07	0.35475175205952814
2.9802322387695312e-06	1.6764043664352357e-07	0.3597386524367809
3.039836883544922e-06	1.2131411608606868e-07	0.36353619548356514
2.9802322387695312e-06	1.0548313866820536e-07	0.36663301222942724
2.9206275939941406e-06	1.1576094749443655e-08	0.3690254712623872
2.9206275939941406e-06	3.7913945760692513e-08	0.3707333659434765
2.8014183044433594e-06	7.763781439962258e-08	0.37173205210808197
2.9206275939941406e-06	5.066394805908203e-07	0.37202069083970524
2.8014183044433594e-06	1.9241689130922168e-08	0.3716208275891336
2.7418136596679688e-06	1.0546665407673572e-07	0.37051059691867266
2.9206275939941406e-06	8.17412271203466e-08	0.3686953461396367
2.86102294921875e-06	1.511983356294877e-07	0.366193005885639
2.86102294921875e-06	1.825392246246338e-07	0.3629858918849953
2.8014183044433594e-06	1.7798831208892807e-07	0.35909022879149727
2.7418136596679688e-06	2.1169940112031327e-07	0.35450418484189405
2.8014183044433594e-06	2.1282959039581328e-07	0.3492394661248487
2.0265579223632812e-06	1.2646366087665228e-07	0.3432915274268567
3.039836883544922e-06	1.4226900191260938e-07	0.3366881698004426
3.039836883544922e-06	6.108015071504269e-08	0.32941846767084093
3.159046173095703e-06	1.9063226375237718e-07	0.3214937446151759
2.9206275939941406e-06	9.88270159041349e-08	0.31293094547073175
2.9802322387695312e-06	1.8236342214095203e-07	0.30373918894120305
2.6226043701171875e-06	6.873139568597253e-08	0.29393086769200316
2.7418136596679688e-06	8.051282662790982e-08	0.2835114783647975
2.7418136596679688e-06	1.7995679968407785e-07	0.2724954906195323
2.682209014892578e-06	1.6468719366002915e-07	0.26090055147386654
3.2186508178710938e-06	3.1545459933113307e-07	0.24872774662221198
2.86102294921875e-06	1.485028349179629e-07	0.23601069895708743
2.7418136596679688e-06	5.885582510245513e-08	0.2227588813551199
3.2186508178710938e-06	1.0243069681337147e-07	0.20897862045059604
2.86102294921875e-06	6.83988616856368e-08	0.194699676631918
2.9206275939941406e-06	1.6591937423982017e-07	0.1799320081750691
3.039836883544922e-06	3.4187198139079555e-07	0.16469825911435992
2.9206275939941406e-06	1.6046467976593703e-07	0.14901207301306693
3.039836883544922e-06	9.685754776000977e-08	0.13289076825949286
3.039836883544922e-06	2.1169940112031327e-07	0.11636348791097256
2.9206275939941406e-06	2.2641026475866965e-07	0.09944208061268384
3.0994415283203125e-06	7.481570918344005e-08	0.08214736162059
2.8014183044433594e-06	6.108015071504269e-08	0.06450792961004226
2.6226043701171875e-06	3.743159027180809e-07	0.04653723188244391
3.039836883544922e-06	1.066712229658151e-07	0.028260539682768482
2.9206275939941406e-06	9.516840293599671e-08	0.009699081965243717
2.4437904357910156e-06	3.196204190203389e-08	-0.00912366328375458
2.9206275939941406e-06	1.1087911389040528e-07	-0.02818619848590656
3.039836883544922e-06	5.338453945569199e-08	-0.04746280619675197
2.9206275939941406e-06	2.5318605878510425e-08	-0.06693490693610696
2.7418136596679688e-06	7.916241884231567e-08	-0.08656805226484107
3.0994415283203125e-06	2.5627247168813483e-07	-0.10634833108689945
3.039836883544922e-06	3.639650287823315e-07	-0.1262496132046909
2.9206275939941406e-06	8.94578846555305e-08	-0.14624740559765065
2.9802322387695312e-06	5.7430895594734466e-08	-0.16631568368103355
2.9802322387695312e-06	5.999940810852422e-08	-0.18643207205697998
3.039836883544922e-06	2.9957273994796196e-08	-0.20656994869281942
2.9206275939941406e-06	2.2409878397411376e-07	-0.22670718085917987
2.8014183044433594e-06	1.3710712210013298e-07	-0.24681690665227635
3.0994415283203125e-06	1.1920928955078125e-07	-0.2668754068511791
2.8014183044433594e-06	1.2293457984924316e-07	-0.28685989674895185
2.8014183044433594e-06	1.491808490072799e-07	-0.306744044743265
2.9206275939941406e-06	1.1246891062910436e-07	-0.32650421715030287
2.9206275939941406e-06	9.858270288987114e-08	-0.3461161836436057
2.6226043701171875e-06	0.0	-0.3655576979070144
2.6226043701171875e-06	1.0615644896461163e-07	-0.38476809891932057
2.682209014892578e-06	1.1775264852076361e-07	-0.4038261697744677
3.2186508178710938e-06	1.366957320669826e-07	-0.4226090547174383
3.159046173095703e-06	4.516734009030188e-08	-0.4411258076513961
2.8014183044433594e-06	1.297629523833166e-07	-0.459357827584471
2.9802322387695312e-06	4.516734009030188e-08	-0.4772762243209884
2.9206275939941406e-06	1.1109959530131164e-07	-0.49486655513668987
2.7418136596679688e-06	1.8292543302322883e-07	-0.5121009478476785
3.2186508178710938e-06	2.3555361394755892e-07	-0.5289633065818403
2.7418136596679688e-06	1.9241689130922168e-08	-0.545429297208916
3.039836883544922e-06	1.7665267648681038e-07	-0.5614795864288139
2.7418136596679688e-06	6.429959853448963e-08	-0.5770971637273342
2.8014183044433594e-06	1.2368765567316586e-07	-0.5922636305809974
2.4437904357910156e-06	2.0886447771317762e-07	-0.606953022145942
2.86102294921875e-06	1.1543076539055619e-07	-0.6211556709598469
3.039836883544922e-06	1.4627954669776955e-07	-0.6348506864712438
3.2186508178710938e-06	2.732735708832479e-07	-0.6480248137831134
2.8014183044433594e-06	1.6282291426250595e-07	-0.6606574584616552
3.039836883544922e-06	8.659643668806893e-09	-0.6727321699353752
3.2186508178710938e-06	5.997624441533844e-08	-0.6842405309447916
2.9206275939941406e-06	9.072905271523268e-08	-0.695163671973728
3.159046173095703e-06	1.3052836322913208e-07	-0.7054875294977352
2.9206275939941406e-06	5.8194309815462475e-08	-0.7152038683989064
2.682209014892578e-06	6.043817535328344e-08	-0.7243001125680908
3.159046173095703e-06	6.568919275196095e-08	-0.7327622256727246
2.9206275939941406e-06	1.9401423401177453e-07	-0.7405822410245877
2.9206275939941406e-06	7.206661933878422e-08	-0.7477474359124938
2.682209014892578e-06	1.4297381767391926e-07	-0.7542529402724978
2.9802322387695312e-06	6.891787052154541e-08	-0.7600855793048231
1.7881393432617188e-07	7.597321172170268e-08	-0.7650081658505732
