# UMA data for molecule: cylobutadiene
# z-axis rotation with 180 rotamers and resolution 2
# ENERGY		FORCES		TORQUE (if exists)
4.76837158203125e-07	3.0161533004502417e-07	0.0032108236866344453
1.7642974853515625e-05	6.871759978821501e-07	-3.7659413720081414e-05
2.002716064453125e-05	9.262311095881159e-07	1.04256470292996e-05
1.8596649169921875e-05	3.298858928246773e-07	-5.050884553048363e-06
1.8596649169921875e-05	3.132456924959115e-07	1.1683817230379034e-07
1.8596649169921875e-05	2.468906927788339e-07	6.115179188581621e-07
1.9550323486328125e-05	7.560913672932656e-07	-4.466307277350978e-07
1.8596649169921875e-05	6.757396704415441e-07	3.836489559372325e-08
1.9073486328125e-05	1.274890593094824e-07	-1.089956063238251e-06
1.8596649169921875e-05	2.2685696876578731e-07	-2.4813749129326546e-06
1.8596649169921875e-05	4.858823103859322e-07	-0.0001750193535103861
1.8596649169921875e-05	3.4481865895941155e-07	-1.7820680705549208e-06
1.8596649169921875e-05	7.714669436609256e-07	-7.343224593947539e-07
1.8596649169921875e-05	2.1171817365939205e-07	-3.002220044789894e-07
1.8596649169921875e-05	5.141536121300305e-07	-9.089099017867142e-08
1.9073486328125e-05	8.194521683435596e-08	-1.6505282064427362e-06
1.9073486328125e-05	2.3811244886928762e-07	-8.209287565286161e-07
2.002716064453125e-05	5.142192094353959e-07	-1.137666570727447e-06
1.8596649169921875e-05	4.869203849011683e-07	-1.2752158015105763e-06
1.8596649169921875e-05	9.883225260409745e-08	-1.1952112412005889e-06
1.9073486328125e-05	2.3977287355592125e-07	-3.431989686775161e-06
1.811981201171875e-05	9.416528428118909e-07	-2.701537965110745e-06
2.002716064453125e-05	1.9842192955366045e-07	-0.0001367983850279475
1.9550323486328125e-05	2.0660368704739085e-07	-3.356051524605608e-05
1.9073486328125e-05	5.419009312390699e-07	-1.1202920156883067e-05
1.8596649169921875e-05	5.659554744852358e-07	-2.2691561516463565e-06
1.8596649169921875e-05	1.766377408785047e-07	-3.4705680716506926e-06
1.9073486328125e-05	2.859262338006374e-07	-1.2058525550306953e-06
1.9073486328125e-05	4.2297065760976693e-07	-7.438636950851674e-07
2.002716064453125e-05	6.133024044174817e-08	-9.639913198244976e-07
1.811981201171875e-05	1.7622471659706207e-07	-9.013650261180395e-07
1.9073486328125e-05	2.4104119233925303e-07	1.1855788534242961e-07
1.8596649169921875e-05	5.681966968040797e-07	-4.2084624318761144e-07
1.8596649169921875e-05	7.424044952131226e-07	-5.422609294924996e-08
1.7642974853515625e-05	5.687376614105233e-08	-1.5727734953285832e-07
1.8596649169921875e-05	2.4597352421551477e-07	7.18637484897755e-06
1.9073486328125e-05	1.650815306675213e-08	1.523682856829911e-06
1.9073486328125e-05	5.040662927058293e-07	1.7531988405483645e-07
2.002716064453125e-05	4.3867740373570996e-07	-1.0394903229293817e-06
1.8596649169921875e-05	4.068676560109452e-07	-5.1688996849375e-07
2.002716064453125e-05	5.688864348485367e-07	-2.3659357019645277e-06
1.8596649169921875e-05	2.5370468392793555e-07	-1.3559587144218455e-06
2.002716064453125e-05	7.578009899589233e-07	-7.77229249626643e-06
1.9073486328125e-05	2.984653519888525e-07	8.011006968899892e-09
1.811981201171875e-05	2.809094894473674e-07	3.2910302742439335e-05
1.6689300537109375e-05	2.3812228278075054e-07	0.004086425327132104
2.002716064453125e-05	1.1297823903078097e-06	2.399092764449051e-07
2.002716064453125e-05	5.524984771909658e-07	-4.3698884344411937e-07
2.002716064453125e-05	6.469623485827469e-07	-3.759559141225388e-07
1.9550323486328125e-05	7.806177109159762e-07	7.901465274851027e-07
1.9073486328125e-05	2.453223544307548e-07	1.3810716670281664e-07
1.9550323486328125e-05	5.788770067738369e-07	-5.799094578429198e-07
1.9550323486328125e-05	1.5254217089477606e-07	-1.0174781075455996e-06
1.9550323486328125e-05	2.8205545277160127e-07	-3.268375882714558e-06
1.9073486328125e-05	3.355642661517777e-07	-1.9815199673312023e-06
1.9073486328125e-05	7.152671059884597e-07	-8.588290033573198e-05
1.9073486328125e-05	9.856891125537004e-08	1.7471775894950525e-06
1.811981201171875e-05	4.2643412712095596e-07	-1.186182830792415e-06
2.002716064453125e-05	5.492053105626837e-07	6.744126468394285e-08
1.9073486328125e-05	6.938251999599743e-07	1.6912734135399177e-07
2.002716064453125e-05	2.3937752757774433e-07	-1.5978106560066152e-08
1.8596649169921875e-05	3.384919580184942e-07	-7.556681859144376e-07
2.002716064453125e-05	3.483297348338965e-07	-8.499665182792882e-08
1.8596649169921875e-05	1.349873883782493e-07	-2.9084440078541718e-08
1.9550323486328125e-05	2.2032827473594807e-07	-1.3311107033286973e-07
1.8596649169921875e-05	6.891264092701022e-07	4.790385313424572e-07
1.811981201171875e-05	2.496641400284716e-07	1.4284488722093869e-05
1.8596649169921875e-05	4.148890013766504e-07	-2.0056895968512123e-06
2.0503997802734375e-05	3.4517378821874445e-07	0.0004041748823342406
1.9073486328125e-05	8.207688324546325e-07	-1.542080191319073e-06
1.9550323486328125e-05	4.3021678663990315e-08	2.2271932447748277e-06
1.9550323486328125e-05	9.714719340081501e-08	1.53412034353817e-07
1.9073486328125e-05	6.300025461314362e-07	1.0770941283877455e-06
1.9073486328125e-05	6.615679239985184e-07	2.1997232058090788e-07
2.002716064453125e-05	6.342585265883827e-07	1.8453351047220679e-07
1.8596649169921875e-05	2.436929378291097e-07	-4.4129059556530237e-07
1.9073486328125e-05	3.3394175602552423e-07	-7.060398498071052e-07
1.811981201171875e-05	1.5337747072408092e-08	-2.318257225075726e-07
1.9073486328125e-05	5.064191554993158e-07	1.015171059104425e-06
1.9073486328125e-05	8.901578212316963e-07	-1.2842386735156808e-06
1.8596649169921875e-05	7.334251677093562e-07	8.48964207740277e-05
1.9550323486328125e-05	5.787983354821336e-07	-1.5563190863820964e-07
1.8596649169921875e-05	4.836202549540758e-08	1.2888717898507096e-07
1.9550323486328125e-05	5.444181851999019e-07	5.956993212041795e-07
1.8596649169921875e-05	1.9923396621379652e-07	-8.557306895862204e-07
1.9550323486328125e-05	1.3110117436099245e-07	1.4828732675109535e-07
1.811981201171875e-05	7.096267609085771e-07	3.372794594724837e-07
1.9073486328125e-05	2.0115466270453908e-07	-6.404655449321339e-07
1.8596649169921875e-05	2.2999344650997955e-07	1.1439402447521729e-07
1.9550323486328125e-05	4.23138260430278e-07	1.0983335673175887e-06
9.5367431640625e-07	1.5600298297613335e-07	0.002905000652073053
2.09808349609375e-05	5.008461130273645e-07	4.1557758812538204e-05
1.8596649169921875e-05	6.002576355967904e-07	-1.0038310107429727e-05
1.9550323486328125e-05	3.8491015175168286e-07	-4.847686163766962e-06
1.9550323486328125e-05	3.3809016031227657e-07	5.400872341576601e-07
1.8596649169921875e-05	1.3871259341158293e-07	-5.199507316921981e-07
2.002716064453125e-05	3.5916477258979285e-07	-1.1292263127349322e-06
1.9550323486328125e-05	4.2510194475653407e-07	-4.2412072553954516e-07
1.8596649169921875e-05	7.863189921408775e-07	-2.3304512478117267e-06
1.9550323486328125e-05	4.943884732711012e-07	-3.717622599208603e-06
1.9550323486328125e-05	6.339556648526923e-07	5.960682541500395e-05
1.8596649169921875e-05	3.2637407798574714e-07	-1.9008567824219114e-06
1.8596649169921875e-05	9.682847235126246e-08	-1.2146658752709705e-06
1.8596649169921875e-05	2.9147994240474873e-08	-1.0250157935209891e-06
1.8596649169921875e-05	2.355245385388116e-07	-1.0733038363630598e-06
1.9550323486328125e-05	4.3344138589418435e-07	-9.254375854528263e-07
1.8596649169921875e-05	5.709717925128643e-07	-1.1246663367270315e-06
2.002716064453125e-05	9.044099869015554e-08	-1.2450615195502834e-06
1.9073486328125e-05	3.917965898381226e-07	-9.796089254221485e-07
1.9073486328125e-05	2.0659341259943176e-07	-1.3643772395210974e-06
1.8596649169921875e-05	4.286775947548449e-07	-1.984822323275459e-06
1.9550323486328125e-05	6.176278475322761e-07	-2.66080763000609e-06
2.002716064453125e-05	5.070943416285445e-07	-0.00013825820469126615
1.8596649169921875e-05	2.55134438020832e-07	-9.727119217706193e-06
1.8596649169921875e-05	1.920838315072615e-07	-1.0705488408424557e-05
1.9073486328125e-05	5.277217951515922e-07	-1.8299314541447842e-06
1.8596649169921875e-05	5.627300652122358e-07	-2.877339471241136e-06
2.002716064453125e-05	1.1241598940614494e-07	-2.485376748850854e-07
1.8596649169921875e-05	3.776595178806019e-07	-1.1622874692696072e-06
1.9550323486328125e-05	5.308297659212258e-07	-1.0212297190115294e-06
1.8596649169921875e-05	3.457898856140673e-07	-1.3299565340685326e-06
1.9073486328125e-05	2.533007830152201e-07	3.601623238536078e-07
1.9073486328125e-05	1.656172798902844e-07	-1.2533105804291012e-06
1.9073486328125e-05	1.2917895730879536e-07	1.2496168586562106e-06
1.8596649169921875e-05	3.927042939722014e-07	-6.848297630090983e-07
1.9073486328125e-05	1.0256137272790511e-07	1.018016867326832e-05
1.8596649169921875e-05	2.309610067641188e-07	3.122897548113457e-06
1.8596649169921875e-05	2.2913314978723065e-07	-4.2815148382224777e-07
2.002716064453125e-05	4.4726104420078627e-07	-8.617744100547498e-07
1.811981201171875e-05	5.941660674579907e-07	2.0709230463822337e-07
1.9550323486328125e-05	2.860872712062701e-07	6.20778464355265e-07
1.8596649169921875e-05	5.724029961129418e-07	7.145171676548046e-10
2.002716064453125e-05	3.912035708708572e-07	-5.043388918379854e-06
1.8596649169921875e-05	4.887665454589296e-07	1.82921049640683e-07
2.0503997802734375e-05	5.291790330375079e-07	-3.072189757957755e-05
1.6689300537109375e-05	4.768276937738847e-07	0.004332628821210216
1.9550323486328125e-05	3.882520331899286e-07	-7.39361093460289e-08
2.0503997802734375e-05	5.50777485841536e-07	7.635904813563243e-06
1.9550323486328125e-05	1.7193865176068357e-07	-8.25610628196749e-07
1.9550323486328125e-05	2.6353404791734647e-07	-5.733456346357357e-07
1.9073486328125e-05	3.060843880575703e-07	-8.122803566434911e-07
1.9073486328125e-05	5.648779506373103e-07	4.840378048376337e-07
2.002716064453125e-05	6.284377604970359e-07	-1.038202619318973e-06
1.9550323486328125e-05	2.7441635097602557e-07	-1.6977567115494807e-06
1.9550323486328125e-05	2.6156476451433264e-07	-2.1678710317996064e-06
1.8596649169921875e-05	3.45793495171165e-07	-3.4602485182388953e-05
1.8596649169921875e-05	2.087118105009722e-07	-2.2672873511986325e-07
1.8596649169921875e-05	2.5508424528197793e-07	-1.5860710538273537e-06
1.9073486328125e-05	5.09056008013431e-07	3.0075594370515546e-07
1.9073486328125e-05	3.9312809008151817e-08	-3.4372647617075813e-07
2.002716064453125e-05	3.430273238791415e-07	-3.175590563841979e-07
1.9073486328125e-05	4.2129497046516917e-07	-2.5193404434853406e-07
2.002716064453125e-05	1.7893702874971495e-07	-5.31084557608974e-07
1.8596649169921875e-05	6.986161906752386e-07	2.4577662904867736e-07
1.8596649169921875e-05	5.142741201780154e-07	6.607524400403797e-07
1.9073486328125e-05	6.169790367493988e-07	4.3879628286447314e-07
1.811981201171875e-05	3.7278670106388745e-07	1.559065504741497e-05
1.9073486328125e-05	9.889799912343733e-08	1.7490656953889072e-06
2.002716064453125e-05	1.3432637047117169e-07	2.1670181721333837e-05
1.9073486328125e-05	4.5297781525732717e-07	-2.1877371580991678e-07
1.9073486328125e-05	4.3806511484945077e-07	1.3818188282499477e-06
1.9073486328125e-05	4.514048441706109e-07	-8.602683160274793e-07
1.9550323486328125e-05	4.1415205487282947e-07	5.219721493920915e-07
1.9073486328125e-05	4.5192186348685937e-07	-1.739823741742086e-07
2.002716064453125e-05	7.520490044043981e-07	-8.128119513006737e-07
1.8596649169921875e-05	5.694538458556053e-07	-1.3658056081111702e-06
1.9073486328125e-05	2.5194893282787234e-07	-8.098716031135211e-08
1.811981201171875e-05	2.1396300553533365e-07	-7.102118489421549e-07
1.9073486328125e-05	7.379433100140886e-07	-1.6106039313346088e-07
1.8596649169921875e-05	2.3743584165458742e-07	7.841731317070888e-07
1.8596649169921875e-05	6.997825039434247e-07	8.564448715431272e-05
1.9550323486328125e-05	6.717062888128567e-07	1.2284370261017585e-06
1.9073486328125e-05	0.0	1.2410979783883391e-06
2.002716064453125e-05	5.049156470704474e-07	-1.3265116215466222e-06
1.8596649169921875e-05	1.2270713511952636e-07	3.287839919208224e-07
2.002716064453125e-05	5.241312237558304e-07	-1.9081086081174092e-06
1.811981201171875e-05	3.7288035059646063e-07	-1.2668266604065614e-06
2.002716064453125e-05	6.323194838842028e-07	-5.500944250336204e-06
1.8596649169921875e-05	3.129217702735332e-07	-8.27392067637156e-08
1.811981201171875e-05	6.822119757998735e-07	3.6868726855154854e-05
0.0	1.9398723338781565e-07	0.0032105302791133328
