# UMA data for molecule: ammonia
# z-axis rotation with 180 rotamers and resolution 2
# ENERGY		FORCES		TORQUE (if exists)
8.940696716308594e-08	3.9600379864168644e-08	1.4454336284136504e-07
1.1920928955078125e-07	1.5359765015432458e-08	-6.215436110235117e-08
2.9802322387695312e-08	3.0719530030864917e-08	-7.293869818542076e-08
1.1920928955078125e-07	2.78775207362969e-08	1.281560518262559e-07
1.1920928955078125e-07	2.2351741790771484e-08	4.576149854884637e-09
1.4901161193847656e-07	2.4710780976988644e-08	7.750322263827547e-08
8.940696716308594e-08	2.4710780976988644e-08	-4.4637875291908546e-08
8.940696716308594e-08	4.280032683823265e-08	-3.104280305032958e-09
2.9802322387695312e-08	2.78775207362969e-08	-8.921817127097165e-08
8.940696716308594e-08	1.825012141409843e-08	6.80081294300583e-08
8.940696716308594e-08	1.825012141409843e-08	9.105886344604186e-08
8.940696716308594e-08	1.825012141409843e-08	-2.5317238801919606e-08
1.1920928955078125e-07	4.828527977451813e-08	1.1336703313602481e-07
8.940696716308594e-08	1.2904783908140871e-08	1.4509334227141846e-07
2.9802322387695312e-08	2.2351741790771484e-08	-3.8702827494935255e-08
1.1920928955078125e-07	1.825012141409843e-08	0.0020585713385883227
1.4901161193847656e-07	3.0719530030864917e-08	-1.012413010439972e-07
1.1920928955078125e-07	3.5925399544112224e-08	-3.379729663841036e-08
1.1920928955078125e-07	2.4710780976988644e-08	9.024610617483497e-08
1.1920928955078125e-07	1.862645149230957e-08	6.072240356369552e-08
8.940696716308594e-08	2.1400163419116325e-08	8.362641709322438e-09
2.9802322387695312e-08	2.78775207362969e-08	-1.0387840582506969e-08
8.940696716308594e-08	2.78775207362969e-08	-2.0757561152578985e-08
8.940696716308594e-08	3.3785322983703736e-08	2.0889415690283908e-08
1.1920928955078125e-07	2.6927947871513425e-08	2.5067073826379183e-08
8.940696716308594e-08	2.363431761409629e-08	9.225631670151807e-08
8.940696716308594e-08	2.2429217594321926e-08	5.435784907002056e-08
8.940696716308594e-08	3.118192637430184e-08	1.5704564604920174e-07
8.940696716308594e-08	5.5450854574701225e-08	-2.9657759078455248e-08
1.1920928955078125e-07	2.5201698505838976e-08	1.6962609010982843e-08
1.1920928955078125e-07	3.072242193979946e-08	1.8097434735682814e-07
8.940696716308594e-08	5.01727086543724e-08	1.0573972512319639e-07
1.1920928955078125e-07	3.195128783772816e-08	7.96162520915085e-08
8.940696716308594e-08	1.1175870895385742e-08	2.297481804473117e-07
1.1920928955078125e-07	1.757215883912977e-08	-1.4773514049257197e-07
1.1920928955078125e-07	1.9086433766801747e-08	7.976144790651507e-08
1.1920928955078125e-07	1.6763806343078613e-08	3.633728155871818e-08
1.1920928955078125e-07	2.3853496955439368e-08	1.9192003226399523e-07
8.940696716308594e-08	3.743870280459305e-08	-6.112233136290612e-09
8.940696716308594e-08	2.3853496955439368e-08	1.1389493675441342e-07
8.940696716308594e-08	1.825012141409843e-08	8.544367741114556e-08
1.1920928955078125e-07	3.0719530030864917e-08	5.991762921930821e-08
8.940696716308594e-08	4.3443975528134615e-08	1.3061098346964228e-07
8.940696716308594e-08	2.78775207362969e-08	5.166960729760528e-08
1.1920928955078125e-07	7.450580596923828e-09	1.2074422989227784e-08
2.9802322387695312e-08	2.3853496955439368e-08	-0.0022999862360554534
8.940696716308594e-08	4.942156195397729e-08	-2.60472093022851e-07
2.9802322387695312e-08	3.332000986233652e-08	4.6119535680039236e-08
8.940696716308594e-08	1.666000493116826e-08	-7.6530724223145e-09
2.9802322387695312e-08	2.2351741790771484e-08	4.632881874314099e-08
2.9802322387695312e-08	1.2904783908140871e-08	-7.41200161455402e-08
1.1920928955078125e-07	2.78775207362969e-08	9.929672695196956e-09
2.9802322387695312e-08	0.0	6.79478567751357e-08
2.9802322387695312e-08	1.825012141409843e-08	-3.654802992192341e-08
8.940696716308594e-08	2.2351741790771484e-08	-9.943951573970766e-08
1.1920928955078125e-07	1.053671194739536e-08	-3.643999729741054e-08
8.940696716308594e-08	1.825012141409843e-08	-1.517038682591343e-07
2.9802322387695312e-08	1.053671194739536e-08	3.199188330915703e-09
2.9802322387695312e-08	2.686345013103164e-08	3.4010971629305775e-08
1.1920928955078125e-07	2.4710780976988644e-08	-1.0894860374977e-08
2.9802322387695312e-08	3.3527612686157227e-08	-9.348301606426634e-08
2.9802322387695312e-08	1.1175870895385742e-08	3.495590475410815e-08
1.1920928955078125e-07	1.5359765015432458e-08	-4.550982431184014e-08
1.4901161193847656e-07	3.0719530030864917e-08	5.742869641639503e-08
1.1920928955078125e-07	1.5359765015432458e-08	-8.156272961884481e-08
1.1920928955078125e-07	2.9095447828808574e-08	-7.942860513060479e-08
1.1920928955078125e-07	2.0061301952978283e-08	-4.647133593216335e-08
2.9802322387695312e-08	3.8172867533603494e-08	-4.2517169791811416e-08
2.9802322387695312e-08	1.757215883912977e-08	-4.2912121023253036e-08
1.1920928955078125e-07	1.825012141409843e-08	-7.868270857080972e-08
1.1920928955078125e-07	2.1400163419116325e-08	-1.7888653554981593e-08
8.940696716308594e-08	4.0808512125067864e-08	4.277773384478434e-08
8.940696716308594e-08	4.4945359434223064e-08	8.188339170600578e-08
1.1920928955078125e-07	1.0577791087484911e-08	1.2687427083327846e-07
1.1920928955078125e-07	4.047772605986211e-08	-2.5283047225786726e-07
1.4901161193847656e-07	2.510717678205765e-08	0.002058556077747569
8.940696716308594e-08	1.6763806343078613e-08	-1.1060779341780583e-07
2.9802322387695312e-08	3.425697769898761e-08	-1.8431653621853866e-07
8.940696716308594e-08	3.107046353534315e-08	-8.046209278543548e-08
8.940696716308594e-08	2.6407553477270085e-08	-1.593396984841955e-08
1.1920928955078125e-07	1.1926748477719684e-08	1.5341395126489132e-08
8.940696716308594e-08	1.757215883912977e-08	-3.098453465327777e-08
1.1920928955078125e-07	3.3372032248735195e-08	7.091470570486091e-10
1.1920928955078125e-07	2.0061301952978283e-08	1.0519638608125215e-08
8.940696716308594e-08	1.862645149230957e-08	-2.6002943159797454e-08
2.9802322387695312e-08	2.5809567816281742e-08	6.169309129527845e-08
1.1920928955078125e-07	3.268928949751171e-08	-8.184436454256039e-08
1.1920928955078125e-07	1.5359765015432458e-08	3.1911919974592085e-08
2.9802322387695312e-08	3.514431767825954e-08	4.275894402439029e-09
1.1920928955078125e-07	1.825012141409843e-08	-6.297843822833382e-09
8.940696716308594e-08	2.499000650857397e-08	-1.4330951539354153e-07
8.940696716308594e-08	1.343172506551582e-08	-5.506241719521743e-09
1.1920928955078125e-07	2.78775207362969e-08	-7.15769205295036e-08
2.9802322387695312e-08	0.0	-1.356521752912676e-07
1.1920928955078125e-07	2.2351741790771484e-08	-5.555133131968093e-08
1.1920928955078125e-07	3.332000986233652e-08	3.515487222854885e-08
1.1920928955078125e-07	2.78775207362969e-08	-3.087885142721847e-08
1.1920928955078125e-07	0.0	-6.249449970019416e-08
1.1920928955078125e-07	2.2351741790771484e-08	-5.1290228439415664e-08
1.1920928955078125e-07	3.7990655954445174e-08	-4.5833432250896866e-08
1.1920928955078125e-07	2.2351741790771484e-08	-2.0178260074985022e-07
2.9802322387695312e-08	2.4710780976988644e-08	-2.077481103465728e-08
2.9802322387695312e-08	2.4710780976988644e-08	-6.625446159064241e-08
1.1920928955078125e-07	0.0	-3.2357201314170414e-08
1.1920928955078125e-07	2.0061301952978283e-08	-1.3530373371359317e-07
8.940696716308594e-08	1.053671194739536e-08	-0.002299907732816346
8.940696716308594e-08	7.450580596923828e-09	-1.272137931072892e-07
2.9802322387695312e-08	1.825012141409843e-08	-2.2993582007163615e-08
1.1920928955078125e-07	4.726863522819258e-08	-1.7172834113413082e-07
1.1920928955078125e-07	2.0061301952978283e-08	-9.375924502064148e-09
1.1920928955078125e-07	8.33000246558413e-09	-6.441472894143374e-08
8.940696716308594e-08	2.9095447828808574e-08	-4.159916815182907e-08
2.9802322387695312e-08	2.1400163419116325e-08	-4.536585175747565e-08
1.1920928955078125e-07	2.1155582174969823e-08	-1.1485341773823099e-07
1.1920928955078125e-07	2.2429217594321926e-08	-1.3613784976065912e-07
1.1920928955078125e-07	1.757215883912977e-08	-6.341589488083332e-08
1.1920928955078125e-07	1.757215883912977e-08	-5.448495410571852e-08
8.940696716308594e-08	2.1801701777235394e-08	-9.659337946252983e-08
2.9802322387695312e-08	3.3527612686157227e-08	-3.8533002229106106e-08
8.940696716308594e-08	2.78775207362969e-08	-4.217366053930159e-08
1.1920928955078125e-07	2.0041037274154405e-08	-2.1303327927381233e-08
1.1920928955078125e-07	1.053671194739536e-08	-2.203246565399275e-08
2.9802322387695312e-08	1.955777406692505e-08	-7.53237739464438e-08
2.9802322387695312e-08	2.1155582174969823e-08	-3.812547580157172e-08
1.1920928955078125e-07	3.9600379864168644e-08	-4.6369835659566816e-08
1.1920928955078125e-07	2.2660056941958828e-08	-1.0852912381287272e-07
1.1920928955078125e-07	2.9095447828808574e-08	-1.618432532955738e-08
8.940696716308594e-08	1.666000493116826e-08	-1.4020328510493119e-07
2.9802322387695312e-08	8.33000246558413e-09	-1.0056410678326022e-07
1.1920928955078125e-07	3.1828893298779803e-08	-3.2035275796676865e-08
2.9802322387695312e-08	3.247632918146337e-08	-1.56192164242272e-07
8.940696716308594e-08	3.494632139222631e-08	-1.739875618127218e-07
8.940696716308594e-08	5.831001814726733e-08	-1.9522381336511963e-08
8.940696716308594e-08	1.825012141409843e-08	9.39191372936743e-09
8.940696716308594e-08	2.0061301952978283e-08	-2.5937299748951537e-07
2.9802322387695312e-08	2.78775207362969e-08	0.002058508765964053
8.940696716308594e-08	2.2660056941958828e-08	-1.3231885661810217e-07
1.1920928955078125e-07	2.4710780976988644e-08	-1.645110253960247e-07
2.9802322387695312e-08	1.053671194739536e-08	-2.4841715955126187e-07
1.1920928955078125e-07	2.4710780976988644e-08	-2.0551439397151205e-07
8.940696716308594e-08	2.5809567816281742e-08	2.391304439186559e-09
1.1920928955078125e-07	2.686345013103164e-08	-1.8369911838206354e-08
1.1920928955078125e-07	2.5809567816281742e-08	-5.7673493345650195e-08
2.9802322387695312e-08	2.78775207362969e-08	-4.806201205770355e-08
2.9802322387695312e-08	3.0719530030864917e-08	1.5495108827978665e-08
8.940696716308594e-08	2.686345013103164e-08	-3.6287382695898707e-08
8.940696716308594e-08	1.825012141409843e-08	-1.159979047815618e-07
8.940696716308594e-08	1.2904783908140871e-08	-4.048508003146045e-08
8.940696716308594e-08	3.332000986233652e-08	-1.1138390727111203e-07
8.940696716308594e-08	2.7120522716472806e-08	-1.3892557898520508e-07
2.9802322387695312e-08	1.666000493116826e-08	-7.868597749760564e-08
2.9802322387695312e-08	3.247632918146337e-08	-9.567950796235403e-08
1.1920928955078125e-07	2.4710780976988644e-08	-7.787067372866385e-08
8.940696716308594e-08	2.686345013103164e-08	-5.369671853688862e-08
1.1920928955078125e-07	2.356080486265455e-08	-1.6085498003026721e-07
2.9802322387695312e-08	3.8172867533603494e-08	-2.1306354280881123e-07
2.9802322387695312e-08	2.4710780976988644e-08	-2.3216174191431627e-09
1.1920928955078125e-07	3.161013495400766e-08	-7.331621850598102e-08
8.940696716308594e-08	1.5914446649389902e-08	-7.767082833148864e-08
2.9802322387695312e-08	2.5809567816281742e-08	1.0709085566246168e-08
8.940696716308594e-08	2.363431761409629e-08	-1.1779132031569661e-07
2.9802322387695312e-08	2.7120522716472806e-08	-1.339577121745733e-07
1.1920928955078125e-07	3.4859343855941916e-08	-5.145096057188048e-08
8.940696716308594e-08	2.2983108749485837e-08	-7.866850625440347e-08
1.1920928955078125e-07	2.939573384708183e-08	-1.8599395654227482e-07
0.0	2.8500565463218663e-08	-0.0023000471647473472
8.940696716308594e-08	3.3479071959163775e-08	-3.638770891458559e-08
1.1920928955078125e-07	2.401656828965315e-08	-9.51961429138462e-08
1.1920928955078125e-07	7.957223324694951e-09	-8.069115655859327e-08
1.1920928955078125e-07	1.1175870895385742e-08	-4.5060594011311905e-08
8.940696716308594e-08	2.363431761409629e-08	-1.3311354837147737e-07
8.940696716308594e-08	1.0700081709558162e-08	-4.2441808224130684e-08
1.1920928955078125e-07	2.986047320518992e-08	1.4901209470161159e-07
8.940696716308594e-08	1.825012141409843e-08	1.2052515041549583e-08
8.940696716308594e-08	1.825012141409843e-08	5.42748959386774e-08
2.9802322387695312e-08	1.2904783908140871e-08	-6.013041744384884e-08
1.1920928955078125e-07	3.7990655954445174e-08	1.9384798537191994e-08
8.940696716308594e-08	2.0061301952978283e-08	1.022113899698529e-07
0.0	3.3527612686157227e-08	2.2447834993610805e-08
1.1920928955078125e-07	1.343172506551582e-08	-2.3847680691302386e-08
1.1920928955078125e-07	2.7120522716472806e-08	4.033046190760059e-08
