# UMA data for molecule: O2
# translation direction [0.70710678 0.70710678 0.        ] with resolution 0.15 and 68 displacements
# ENERGY		FORCES		TORQUE (if exists)
1.430511474609375e-06	0.0	3.779366816645911e-14
0.0	0.0	7.560151005283853e-14
1.430511474609375e-06	0.0	7.548581018560703e-14
4.76837158203125e-07	0.0	1.0078953947847415e-13
0.0	0.0	-5.02436211170064e-14
1.430511474609375e-06	0.0	3.784691032938126e-14
1.430511474609375e-06	0.0	6.237114382421217e-14
1.430511474609375e-06	0.0	1.1374874370733454e-13
1.430511474609375e-06	0.0	-5.074925073080579e-14
1.430511474609375e-06	0.0	1.3204637915410118e-14
1.430511474609375e-06	0.0	-3.750214861165713e-14
1.430511474609375e-06	0.0	-3.894310056985804e-14
1.430511474609375e-06	0.0	1.286923015928562e-14
0.0	0.0	7.654457802126228e-14
4.76837158203125e-07	0.0	-2.4699135702358536e-14
4.76837158203125e-07	0.0	0.0
0.0	0.0	3.904242851119104e-14
1.430511474609375e-06	0.0	2.4916502383148935e-14
4.76837158203125e-07	0.0	0.0
4.76837158203125e-07	0.0	7.429606209132749e-14
1.430511474609375e-06	0.0	0.0
1.430511474609375e-06	0.0	-1.2751190162048447e-14
1.430511474609375e-06	0.0	-3.880635067291056e-14
1.430511474609375e-06	0.0	3.8470944893297096e-14
4.76837158203125e-07	0.0	-9.932628943410574e-14
0.0	0.0	5.040017478404654e-14
1.430511474609375e-06	0.0	-1.3672481968336873e-14
4.76837158203125e-07	0.0	0.0
1.430511474609375e-06	0.0	-1.404099718151654e-14
1.430511474609375e-06	0.0	-2.4897790686610364e-14
1.430511474609375e-06	0.0	0.0
0.0	0.0	-2.5634826323771553e-14
0.0	0.0	7.445729368250213e-14
0.0	0.0	-6.326509475716049e-14
4.76837158203125e-07	0.0	9.985604216799318e-14
1.430511474609375e-06	0.0	3.6222429232886476e-14
4.76837158203125e-07	0.0	4.9625721323975726e-14
0.0	0.0	-1.38053480439448e-13
0.0	0.0	7.398514375579147e-14
1.430511474609375e-06	0.0	-8.849398112705406e-14
1.430511474609375e-06	0.0	7.4419870289425e-14
1.430511474609375e-06	0.0	2.399089320337593e-14
4.76837158203125e-07	0.0	0.0
0.0	0.0	6.359618729599433e-14
0.0	0.0	5.0192899247768564e-14
1.430511474609375e-06	0.0	-1.2732476309316017e-14
1.430511474609375e-06	0.0	-3.4309317375578265e-14
4.76837158203125e-07	0.0	2.97547044501532e-14
4.76837158203125e-07	0.0	0.0
1.430511474609375e-06	0.0	0.0
4.76837158203125e-07	0.0	-1.2765588617807373e-13
1.430511474609375e-06	0.0	-2.0570623547739046e-14
1.430511474609375e-06	0.0	4.898370452007277e-14
4.76837158203125e-07	0.0	7.813381555940017e-14
4.76837158203125e-07	0.0	1.549260270467257e-13
1.430511474609375e-06	0.0	1.1518830294620395e-13
1.430511474609375e-06	0.0	4.1613408881255e-14
1.430511474609375e-06	0.0	-2.278171374872007e-14
1.430511474609375e-06	0.0	-5.695859860083534e-14
1.430511474609375e-06	0.0	2.7071457494514247e-14
0.0	0.0	-1.4608164683705674e-14
1.430511474609375e-06	0.0	1.568060062015421e-14
1.430511474609375e-06	0.0	-4.924857783240854e-14
0.0	0.0	0.0
1.430511474609375e-06	0.0	-2.0032248464997194e-14
1.430511474609375e-06	0.0	5.145966803338954e-14
0.0	0.0	-4.864398442158274e-14
0.0	0.0	-6.439080336982087e-14
