# UMA data for molecule: water
# z-axis rotation with 180 rotamers and resolution 2
# ENERGY		FORCES		TORQUE (if exists)
1.341104507446289e-07	0.0	0.0006430713236994033
1.043081283569336e-07	1.493023660259496e-08	-1.8455492549300512e-07
1.4901161193847656e-07	1.4901161193847656e-08	3.591510110319274e-08
1.043081283569336e-07	5.375918021854886e-08	-2.736234153144501e-08
1.341104507446289e-07	2.986047320518992e-08	-2.0459652059351408e-08
1.043081283569336e-07	2.1400163419116325e-08	2.509016555976573e-08
1.1920928955078125e-07	4.485843518864385e-08	-8.856786343908185e-08
1.7881393432617188e-07	3.332000986233652e-08	-6.52618538168892e-08
1.7881393432617188e-07	2.1400163419116325e-08	9.759232831585418e-09
1.341104507446289e-07	1.666000493116826e-08	1.0507276070048643e-08
1.341104507446289e-07	1.4901161193847656e-08	-1.1006759181170223e-07
1.6391277313232422e-07	2.107342389479072e-08	3.531394066058624e-09
1.9371509552001953e-07	1.4901161193847656e-08	-5.8853574472217396e-08
1.7881393432617188e-07	3.332000986233652e-08	-6.865101935538132e-08
5.960464477539063e-08	2.2351741790771484e-08	-4.925400023947368e-08
1.043081283569336e-07	1.666000493116826e-08	-2.8473792212935223e-09
1.6391277313232422e-07	1.666000493116826e-08	5.0415613295218265e-08
1.043081283569336e-07	3.332000986233652e-08	-7.013394395793959e-08
1.341104507446289e-07	3.650024282819686e-08	1.0775768694015753e-07
1.043081283569336e-07	1.4901161193847656e-08	-1.01486236289694e-08
1.7881393432617188e-07	2.9802322387695312e-08	1.3909850035687121e-08
1.7881393432617188e-07	0.0	-8.94536356793596e-08
1.1920928955078125e-07	0.0	3.983816919406191e-08
1.9371509552001953e-07	1.4901161193847656e-08	-7.888022601071354e-08
1.4901161193847656e-07	1.4901161193847656e-08	1.7697870668964555e-09
1.043081283569336e-07	2.107342389479072e-08	3.264641658395906e-08
1.4901161193847656e-07	2.107342389479072e-08	3.1791289309412996e-08
5.960464477539063e-08	0.0	-1.81853130956644e-08
1.341104507446289e-07	1.4901161193847656e-08	6.842074504187501e-09
7.450580596923828e-08	3.332000986233652e-08	2.2975637434252683e-08
1.4901161193847656e-07	1.4901161193847656e-08	-6.266337962412827e-09
8.940696716308594e-08	2.107342389479072e-08	-2.755222871381191e-08
1.7881393432617188e-07	1.666000493116826e-08	2.9289059164105957e-09
1.341104507446289e-07	2.2351741790771484e-08	-8.480043715841656e-09
1.341104507446289e-07	4.7706993910878737e-08	-2.523572134247032e-08
8.940696716308594e-08	1.4901161193847656e-08	-3.757083172004072e-08
1.341104507446289e-07	2.9802322387695312e-08	-7.163571346530118e-08
1.341104507446289e-07	1.5359765015432458e-08	-1.1312981974820335e-08
1.4901161193847656e-07	3.003425064207477e-08	-4.8186456547139045e-08
7.450580596923828e-08	3.3527612686157227e-08	3.211389647261864e-09
1.043081283569336e-07	2.1400163419116325e-08	-3.01454118733363e-08
1.341104507446289e-07	2.986047320518992e-08	-4.092199096944471e-08
5.960464477539063e-08	0.0	-1.5082752465381266e-08
1.7881393432617188e-07	2.9802322387695312e-08	-1.1305746682593876e-08
1.341104507446289e-07	9.313225746154785e-10	-4.39042662165115e-09
1.043081283569336e-07	1.4901161193847656e-08	-9.121632341021495e-09
1.341104507446289e-07	5.961192073300481e-08	-4.922144232043929e-08
8.940696716308594e-08	1.5017125321037383e-08	-1.1025007816412025e-09
5.960464477539063e-08	2.9802322387695312e-08	-3.807668562394451e-09
1.043081283569336e-07	1.862645149230957e-09	-5.644944455276968e-08
8.940696716308594e-08	1.4901161193847656e-08	-8.376771746740341e-09
1.043081283569336e-07	2.1400163419116325e-08	-1.713997570262915e-08
1.4901161193847656e-07	1.666000493116826e-08	6.905902114051621e-09
8.940696716308594e-08	4.5320113883917656e-08	-3.644069539177064e-08
1.4901161193847656e-07	2.5809567816281742e-08	-3.427330276181695e-08
1.043081283569336e-07	3.332000986233652e-08	-1.273811183616358e-08
1.1920928955078125e-07	3.332000986233652e-08	-4.182502268482158e-08
1.341104507446289e-07	3.4142850324769825e-08	-6.441627405096018e-09
1.341104507446289e-07	1.4901161193847656e-08	-8.289593143862017e-09
5.960464477539063e-08	2.2351741790771484e-08	-1.2332265486580951e-08
1.043081283569336e-07	4.5320113883917656e-08	2.0150461306489564e-08
5.960464477539063e-08	2.2351741790771484e-08	-7.367902569305196e-08
1.043081283569336e-07	3.650024282819686e-08	5.108465623432368e-08
1.341104507446289e-07	4.470348358154297e-08	-2.4946236396039545e-08
1.341104507446289e-07	3.332000986233652e-08	-5.348793428311405e-08
2.086162567138672e-07	1.4901161193847656e-08	-6.45059114179336e-08
1.1920928955078125e-07	1.4901161193847656e-08	-6.991747716206254e-08
5.960464477539063e-08	1.4901161193847656e-08	-4.97341188371303e-09
1.043081283569336e-07	2.107342389479072e-08	-4.014663360085713e-08
1.6391277313232422e-07	2.107342389479072e-08	-3.556319502773242e-09
8.940696716308594e-08	1.4901161193847656e-08	-5.2443911664756815e-08
1.6391277313232422e-07	2.107342389479072e-08	-3.989759408962179e-08
1.341104507446289e-07	2.9802322387695312e-08	-2.8820825372088965e-08
1.043081283569336e-07	1.4901161193847656e-08	-3.8064693119732596e-08
1.6391277313232422e-07	4.7706993910878737e-08	-6.597368443217455e-08
1.4901161193847656e-07	4.7706993910878737e-08	-7.177300692662314e-08
8.940696716308594e-08	3.4142850324769825e-08	2.6404133435242727e-08
1.7881393432617188e-07	7.450580596923828e-09	1.3585954486416973e-08
1.4901161193847656e-07	1.4901161193847656e-08	-3.108302415455455e-08
1.6391277313232422e-07	1.666000493116826e-08	-9.745992165383077e-08
1.043081283569336e-07	0.0	-5.200236927876967e-08
1.341104507446289e-07	4.5320113883917656e-08	-3.1228735403177055e-08
1.341104507446289e-07	1.4901161193847656e-08	-2.3371134055816256e-09
1.4901161193847656e-07	3.3527612686157227e-08	-4.361735637947728e-08
1.043081283569336e-07	1.4901161193847656e-08	-3.534893199680367e-08
1.043081283569336e-07	4.470348358154297e-08	-7.34991044346045e-08
1.7881393432617188e-07	0.0	7.055077321307945e-08
8.940696716308594e-08	4.7158408733594115e-08	3.0752775465048288e-09
8.940696716308594e-08	1.4901161193847656e-08	-7.604443928721505e-09
1.6391277313232422e-07	0.0	-1.112110398129168e-07
1.4901161193847656e-07	1.4901189615557087e-08	0.0006431444151216568
5.960464477539063e-08	2.1093994106990976e-08	-2.308821598611538e-07
1.4901161193847656e-07	1.4901161193847656e-08	4.0859178944765984e-08
1.043081283569336e-07	1.5359765015432458e-08	-1.4283457895614138e-08
1.1920928955078125e-07	4.470348358154297e-08	1.5763773723864727e-09
8.940696716308594e-08	3.3527612686157227e-08	-1.0220161493490476e-07
8.940696716308594e-08	4.726863522819258e-08	-9.29715948672083e-08
1.341104507446289e-07	1.4901161193847656e-08	4.512372447917912e-09
1.341104507446289e-07	3.3527612686157227e-08	-3.058297215474681e-08
1.341104507446289e-07	4.71216097253091e-08	-4.902916818372294e-08
1.043081283569336e-07	1.4901161193847656e-08	-8.030214691812088e-08
1.6391277313232422e-07	1.4901161193847656e-08	-1.3091794995312434e-08
1.4901161193847656e-07	3.4142850324769825e-08	-2.085285666364456e-09
1.6391277313232422e-07	1.666000493116826e-08	-5.568784738896326e-10
1.043081283569336e-07	3.0719530030864917e-08	-4.4719652522728914e-08
1.1920928955078125e-07	1.4901161193847656e-08	2.3578449886985098e-08
1.341104507446289e-07	3.4142850324769825e-08	2.9997761497035924e-08
1.4901161193847656e-07	2.107342389479072e-08	4.914856854831839e-10
1.043081283569336e-07	1.4901161193847656e-08	7.441915701733581e-09
1.9371509552001953e-07	2.9802322387695312e-08	-3.151767559439467e-08
1.4901161193847656e-07	1.4901161193847656e-08	-1.4199296921590943e-07
1.6391277313232422e-07	2.107342389479072e-08	-3.274634568367629e-08
1.043081283569336e-07	2.9802322387695312e-08	-1.0170959040267658e-08
1.341104507446289e-07	2.9802322387695312e-08	-5.896303904157074e-08
1.4901161193847656e-07	3.332000986233652e-08	8.641686893157141e-08
1.043081283569336e-07	1.4901161193847656e-08	2.7872325038258428e-08
1.1920928955078125e-07	2.107342389479072e-08	-2.9269902841744244e-08
5.960464477539063e-08	2.5809567816281742e-08	-1.0280749393465349e-07
1.043081283569336e-07	2.9802322387695312e-08	-5.760706762308887e-08
1.341104507446289e-07	1.4901161193847656e-08	1.1972458940912034e-08
1.043081283569336e-07	1.666000493116826e-08	-2.1835802915814995e-08
1.043081283569336e-07	1.4901161193847656e-08	1.2017187800417162e-09
1.6391277313232422e-07	1.666000493116826e-08	6.3697477778457134e-09
1.4901161193847656e-07	0.0	6.954709391715497e-09
1.1920928955078125e-07	3.4142850324769825e-08	8.844588429701705e-09
1.043081283569336e-07	1.4901161193847656e-08	-4.016890905317316e-08
1.1920928955078125e-07	2.9802322387695312e-08	-5.00539754713647e-08
1.341104507446289e-07	1.5359765015432458e-08	-1.1782582227601313e-07
1.4901161193847656e-07	1.5359765015432458e-08	-5.0833461152227644e-08
8.940696716308594e-08	3.3527612686157227e-08	-2.3349540981265626e-08
5.960464477539063e-08	3.725290298461914e-09	-3.413837873500469e-08
1.043081283569336e-07	1.5359765015432458e-08	-1.751779835600098e-08
0.0	1.4901161193847656e-08	-2.014114694991187e-08
1.1920928955078125e-07	1.4901161193847656e-08	-2.5351676310320093e-08
1.043081283569336e-07	1.493023660259496e-08	-1.4559220170608234e-08
1.341104507446289e-07	0.0	-2.6047176879876787e-08
1.6391277313232422e-07	2.1093994106990976e-08	-3.009451674624783e-08
5.960464477539063e-08	2.1155582174969823e-08	-3.200368559053146e-08
5.960464477539063e-08	2.1155582174969823e-08	-5.5744596117943135e-08
1.341104507446289e-07	1.5017125321037383e-08	5.961533409287734e-09
4.470348358154297e-08	6.155189424816854e-08	-4.371486801886537e-08
1.341104507446289e-07	2.107342389479072e-08	-1.3717055498407849e-08
1.341104507446289e-07	1.4901161193847656e-08	-6.393816084221404e-08
1.341104507446289e-07	4.470348358154297e-08	-3.418261781615306e-08
1.341104507446289e-07	2.107342389479072e-08	-9.111073687173565e-09
1.043081283569336e-07	1.4901161193847656e-08	3.1470578868569854e-08
1.341104507446289e-07	1.666000493116826e-08	-2.429564810793594e-08
1.4901161193847656e-07	7.450580596923828e-09	3.523051311099534e-08
1.1920928955078125e-07	3.4142850324769825e-08	1.268294102380052e-08
5.960464477539063e-08	1.4901161193847656e-08	-5.026529543289415e-08
1.341104507446289e-07	3.332000986233652e-08	4.4059601106427593e-10
8.940696716308594e-08	3.650024282819686e-08	-8.608475620536238e-08
1.1920928955078125e-07	1.4901161193847656e-08	-6.878866386228477e-09
1.043081283569336e-07	2.107342389479072e-08	-4.7989649643032095e-08
1.341104507446289e-07	0.0	-9.715413543109896e-09
1.341104507446289e-07	2.107342389479072e-08	-4.2679676626189433e-08
1.9371509552001953e-07	0.0	-9.431833542655754e-08
1.4901161193847656e-07	2.9802322387695312e-08	-4.4168359143725855e-08
1.4901161193847656e-07	4.71216097253091e-08	-8.365764837814371e-08
1.7881393432617188e-07	1.4901161193847656e-08	-2.1208825418117527e-08
1.341104507446289e-07	1.4901161193847656e-08	-1.915087489284817e-08
1.7881393432617188e-07	2.107342389479072e-08	-5.9192901219473626e-08
1.341104507446289e-07	0.0	-2.910937482031306e-08
7.450580596923828e-08	1.4901161193847656e-08	-1.778415019415558e-08
1.4901161193847656e-07	2.5809567816281742e-08	-7.122676311255294e-08
1.7881393432617188e-07	1.4901161193847656e-08	-5.377159985331392e-08
8.940696716308594e-08	3.332000986233652e-08	-5.859859125711964e-10
1.4901161193847656e-07	3.332000986233652e-08	-8.361827480429795e-10
1.4901161193847656e-07	3.332000986233652e-08	-2.802682974589743e-08
1.341104507446289e-07	7.450580596923828e-09	1.0049293168445939e-08
1.4901161193847656e-07	3.4142850324769825e-08	-1.3774892830553664e-08
1.043081283569336e-07	0.0	-4.9083320637077765e-08
1.043081283569336e-07	2.2351741790771484e-08	-2.0825990751371926e-08
1.341104507446289e-07	1.4901161193847656e-08	-2.829480554716879e-08
1.1920928955078125e-07	6.664001972467304e-08	-7.251527972540472e-08
1.043081283569336e-07	2.9802322387695312e-08	-2.676811450275096e-08
1.341104507446289e-07	2.1155582174969823e-08	3.804436307999759e-08
1.043081283569336e-07	4.71216097253091e-08	-1.7859447365431436e-08
1.043081283569336e-07	0.0	3.449979601478914e-08
1.043081283569336e-07	2.1093994106990976e-08	-1.6801807204477187e-07
1.341104507446289e-07	1.4901161193847656e-08	0.0006431155138045544
